pop_id	family	sum_fam	sum_pop	percent_total	rank_fam	myrank
1	ap	TcMar-Tc1-1	46824	580907	8.06049849631697	447	447
2	ap	hAT-Ac-17	17853	580907	3.07329744692352	446	446
3	ap	hAT-Ac-18	16636	580907	2.86379747532738	445	445
4	ap	hAT-Charlie-9	14415	580907	2.48146433077928	444	444
5	ap	Rex-Babar-2	13640	580907	2.3480522699847	443	443
6	ask	TcMar-Tc1-1	43893	505367	8.68537122526797	447	447
7	ask	hAT-Ac-18	16535	505367	3.27187964390235	446	446
8	ask	hAT-Ac-17	15008	505367	2.96972299338896	445	445
9	ask	L1-3	12188	505367	2.41171267613437	444	444
10	ask	hAT-Charlie-9	12150	505367	2.40419338817137	443	443
11	asm	TcMar-Tc1-1	43073	499760	8.618736993757	447	447
12	asm	hAT-Ac-17	15052	499760	3.01184568592925	446	446
13	asm	hAT-Ac-18	14639	499760	2.92920601888907	445	445
14	asm	Rex-Babar-2	13378	499760	2.67688490475428	444	444
15	asm	L1-3	13115	499760	2.62425964462942	443	443
16	cch	TcMar-Tc1-1	47125	568445	8.29015999788898	447	447
17	cch	hAT-Ac-17	21488	568445	3.78013704052283	446	446
18	cch	hAT-Ac-18	17710	568445	3.11551689257536	445	445
19	cch	hAT-Charlie-9	14805	568445	2.60447360782486	444	444
20	cch	Rex-Babar-2	12883	568445	2.26635822287117	443	443
21	crhoa	TcMar-Tc1-1	46191	548500	8.42133090246126	447	447
22	crhoa	hAT-Ac-17	18767	548500	3.42151321786691	446	446
23	crhoa	hAT-Ac-18	18580	548500	3.38742023701003	445	445
24	crhoa	hAT-Charlie-9	13901	548500	2.53436645396536	444	444
25	crhoa	L2-13	12625	548500	2.30173199635369	443	443
26	cvm	TcMar-Tc1-1	47327	579272	8.17008244831444	447	447
27	cvm	hAT-Ac-17	19449	579272	3.35749009101079	446	446
28	cvm	hAT-Ac-18	14895	579272	2.57133091190322	445	445
29	cvm	Rex-Babar-2	14025	579272	2.42114239942549	444	444
30	cvm	hAT-Charlie-9	13739	579272	2.37177008382936	443	443
31	cvs	TcMar-Tc1-1	47524	580575	8.18567799164621	447	447
32	cvs	hAT-Ac-17	19471	580575	3.35374413297162	446	446
33	cvs	hAT-Ac-18	14940	580575	2.57331094173879	445	445
34	cvs	Rex-Babar-2	13843	580575	2.38436033242906	444	444
35	cvs	hAT-Charlie-9	13750	580575	2.36834173018129	443	443
36	czeb	TcMar-Tc1-1	47404	541794	8.7494508983119	447	447
37	czeb	Rex-Babar-2	16033	541794	2.95924281184362	446	446
38	czeb	hAT-Ac-18	13558	541794	2.50242712174738	445	445
39	czeb	hAT-Ac-17	13216	541794	2.4393034991159	444	444
40	czeb	hAT-Charlie-9	12497	541794	2.30659623399299	443	443
41	diplo	TcMar-Tc1-1	50336	626822	8.03034992390184	447	447
42	diplo	hAT-Ac-17	17360	626822	2.7695262769973	446	446
43	diplo	hAT-Ac-18	16364	626822	2.61062949290229	445	445
44	diplo	hAT-Charlie-9	16106	626822	2.56946948256443	444	444
45	diplo	Rex-Babar-16	15430	626822	2.46162387408228	443	443
46	fr	TcMar-Tc1-1	46477	552037	8.41918204758014	447	447
47	fr	hAT-Ac-17	18112	552037	3.28093950224351	446	446
48	fr	hAT-Ac-18	16035	552037	2.90469660548115	445	445
49	fr	hAT-Charlie-9	13730	552037	2.48715212929568	444	444
50	fr	Rex-Babar-2	12863	552037	2.33009743912093	443	443
51	fuel	TcMar-Tc1-1	48841	545791	8.94866349939812	447	447
52	fuel	Rex-Babar-2	16605	545791	3.04237336269744	446	446
53	fuel	hAT-Ac-18	14975	545791	2.7437242460942	445	445
54	fuel	hAT-Ac-17	13298	545791	2.43646377459504	444	444
55	fuel	hAT-Charlie-9	12782	545791	2.34192209105683	443	443
56	mzeb	TcMar-Tc1-1	47495	535283	8.8728765905138	447	447
57	mzeb	Rex-Babar-2	16044	535283	2.9972930207012	446	446
58	mzeb	hAT-Ac-17	12858	535283	2.40209384568537	445	445
59	mzeb	hAT-Ac-18	12832	535283	2.39723660194701	444	444
60	mzeb	hAT-Charlie-9	12622	535283	2.35800501790642	443	443
61	oto	TcMar-Tc1-1	45859	556429	8.24166245828309	447	447
62	oto	hAT-Ac-18	19420	556429	3.49011284458574	446	446
63	oto	hAT-Ac-17	18533	556429	3.3307034680076	445	445
64	oto	hAT-Charlie-9	14615	556429	2.6265705058507	444	444
65	oto	L2-13	12773	556429	2.29553096621492	443	443
66	rham	TcMar-Tc1-1	51098	611771	8.35247175822326	447	447
67	rham	hAT-Ac-18	17881	611771	2.92282569785099	446	446
68	rham	Rex-Babar-2	17704	611771	2.89389330321313	445	445
69	rham	hAT-Charlie-9	14578	611771	2.38291779113426	444	444
70	rham	hAT-Ac-17	13171	611771	2.15292977274176	443	443
71	trew	TcMar-Tc1-1	48866	543852	8.98516508167663	447	447
72	trew	Rex-Babar-2	16512	543852	3.03612012091525	446	446
73	trew	hAT-Ac-18	15374	543852	2.82687201665159	445	445
74	trew	hAT-Ac-17	13101	543852	2.40892742878577	444	444
75	trew	hAT-Charlie-9	12661	543852	2.32802306509859	443	443
